6370_2014_07_14_cast52_bin.cnv
* Sea-Bird SBE19plus  Data File:
* FileName = C:\Users\Gilly\Desktop\PROPOSALS\BOLEO\CTD\7-14-14\6370_2014_07_14_cast52.hex
* Software version 1.1a
* Temperature SN = 6370
* Conductivity SN = 6370
* System UpLoad Time = Jul 14 2014 16:01:24
* <ApplicationData>
* <Seaterm232>
** Gilly GPS waypoint 318 Lindblad
** lat 27.38787
** long 112.1928
** 600 m depth
# nquan = 10
# nvalues = 435                         
# units = specified
# name 0 = tv290C: Temperature [ITS-90, deg C]
# name 1 = c0S/m: Conductivity [S/m]
# name 2 = prdM: Pressure, Strain Gauge [db]
# name 3 = sbeox0Mm/Kg: Oxygen, SBE 43 [umol/Kg]
# name 4 = flECO-AFL: Fluorescence, WET Labs ECO-AFL/FL [mg/m^3]
# name 5 = ph: pH
# name 6 = seaTurbMtr: Turbidity, Seapoint [FTU]
# name 7 = depSM: Depth [salt water, m], lat = 0.00
# name 8 = sal00: Salinity, Practical [PSU]
# name 9 = flag: flag
# span 0 =     8.3544,    28.9510       
# span 1 =   3.636766,   5.721820       
# span 2 =      1.006,    437.866       
# span 3 =      3.543,    185.370       
# span 4 =    -0.2689,     7.5666       
# span 5 =      7.603,      8.148       
# span 6 =     -0.028,      1.075       
# span 7 =      1.000,    435.000       
# span 8 =    34.5843,    35.2067       
# span 9 = 0.0000e+00, 0.0000e+00       
# interval = meters: 1                  
# start_time = Jul 14 2014 13:52:49 [Instrument's time stamp, header]
# bad_flag = -9.990e-29
*END*
[from data line 145]
    17.6488   4.571667    146.859     89.077     0.0131      7.848      0.000    146.000    35.0909 0.0000e+00
    17.6348   4.569865    147.865     89.056     0.0130      7.847      0.000    147.000    35.0871 0.0000e+00
    17.6016   4.562431    148.872     89.105     0.0166      7.847      0.057    148.000    35.0514 0.0000e+00
    17.5319   4.558584    149.877     88.915    -0.0040      7.848      0.036    149.000    35.0781 0.0000e+00
    17.4908   4.551550    150.884     88.687     0.0135      7.846     -0.000    150.000    35.0525 0.0000e+00
    17.4273   4.544755    151.890     88.391     0.0216      7.845      0.034    151.000    35.0483 0.0000e+00
    17.3616   4.538221    152.896     88.215     0.0110      7.844      0.003    152.000    35.0483 0.0000e+00
    17.3022   4.529575    153.903     88.054     0.0015      7.845      0.000    153.000    35.0244 0.0000e+00
    17.1772   4.515694    154.909     87.798     0.0115      7.838      0.000    154.000    35.0119 0.0000e+00
    17.0721   4.509655    155.915     86.749     0.0306      7.836      0.052    155.000    35.0503 0.0000e+00
    17.0260   4.506646    156.921     85.338     0.0153      7.836     -0.003    156.000    35.0639 0.0000e+00
    17.0023   4.504496    157.928     84.277     0.0105      7.833      0.057    157.000    35.0653 0.0000e+00
    16.9699   4.499127    158.934     84.211     0.0144      7.833      0.000    158.000    35.0462 0.0000e+00
    16.9098   4.488987    159.940     84.136     0.0143      7.825      0.000    159.000    35.0096 0.0000e+00
    16.7854   4.471215    160.947     83.997     0.0059      7.823      0.000    160.000    34.9621 0.0000e+00
    16.5946   4.455563    161.953     83.455    -0.0182      7.820      0.000    161.000    34.9909 0.0000e+00
    16.4798   4.441980    162.959     81.767    -0.0093      7.820      0.000    162.000    34.9713 0.0000e+00
    16.2856   4.425455    163.965     80.055     0.0075      7.818      0.023    163.000    34.9952 0.0000e+00
    16.1889   4.423132    164.972     78.394     0.0098      7.810      0.000    164.000    35.0592 0.0000e+00
    16.1782   4.422815    165.978     77.302     0.0032      7.808      0.000    165.000    35.0654 0.0000e+00
    16.1730   4.422002    166.985     77.209     0.0121      7.805      0.000    166.000    35.0625 0.0000e+00
    16.1614   4.420378    167.991     77.444     0.0000      7.803      0.062    167.000    35.0578 0.0000e+00
    16.1391   4.417087    168.997     77.809     0.0010      7.802     -0.003    168.000    35.0479 0.0000e+00
    16.0815   4.408805    170.004     78.010    -0.0251      7.801      0.000    169.000    35.0246 0.0000e+00
    16.0075   4.404501    171.009     78.064     0.0079      7.799      0.070    170.000    35.0512 0.0000e+00
    15.9597   4.398035    172.016     78.171     0.0048      7.798      0.001    171.000    35.0354 0.0000e+00
    15.9034   4.395767    173.022     78.333     0.0048      7.796      0.000    172.000    35.0645 0.0000e+00
    15.8967   4.395747    174.029     78.227     0.0069      7.793      0.010    173.000    35.0699 0.0000e+00
    15.8937   4.395372    175.035     77.924     0.0133      7.793      0.000    174.000    35.0688 0.0000e+00
    15.8908   4.395041    176.042     77.807     0.0097      7.792      0.000    175.000    35.0680 0.0000e+00
    15.8886   4.394857    177.048     77.701     0.0092      7.791      0.000    176.000    35.0679 0.0000e+00
    15.8826   4.392666    178.055     77.674     0.0098      7.791      0.024    177.000    35.0533 0.0000e+00
    15.8608   4.390603    179.061     77.696     0.0065      7.790     -0.001    178.000    35.0538 0.0000e+00
    15.8481   4.389526    180.067     77.161     0.0039      7.788      0.019    179.000    35.0549 0.0000e+00
    15.8352   4.388136    181.073     76.599    -0.0002      7.788      0.013    180.000    35.0535 0.0000e+00
    15.8182   4.384888    182.080     76.415    -0.0003      7.788      0.040    181.000    35.0392 0.0000e+00
    15.7790   4.378108    183.087     76.291     0.0155      7.784     -0.003    182.000    35.0128 0.0000e+00
    15.6864   4.366515    184.093     75.517    -0.0064      7.785      0.000    183.000    34.9905 0.0000e+00
    15.5580   4.354242    185.099     74.567     0.0108      7.785      0.000    184.000    34.9938 0.0000e+00
    15.4664   4.348302    186.106     73.216     0.0124      7.784      0.000    185.000    35.0212 0.0000e+00
    15.3949   4.339766    187.112     71.623     0.0064      7.779      0.092    186.000    35.0075 0.0000e+00
    15.3363   4.335204    188.119     70.741     0.0140      7.776      0.005    187.000    35.0180 0.0000e+00
    15.2961   4.332671    189.125     70.486     0.0233      7.776      0.000    188.000    35.0306 0.0000e+00
    15.2786   4.331435    190.132     70.405     0.0139      7.772      0.000    189.000    35.0347 0.0000e+00
    15.2688   4.330934    191.138     70.250     0.0039      7.769      0.036    190.000    35.0384 0.0000e+00
    15.2660   4.330902    192.145     69.669    -0.0064      7.770      0.001    191.000    35.0402 0.0000e+00
    15.2651   4.330734    193.151     69.316     0.0061      7.767      0.000    192.000    35.0392 0.0000e+00
    15.2618   4.330430    194.157     68.850     0.0068      7.766      0.000    193.000    35.0389 0.0000e+00
    15.2561   4.329398    195.164     68.529     0.0152      7.766      0.115    194.000    35.0342 0.0000e+00
    15.2472   4.328994    196.171     68.113     0.0053      7.766      0.006    195.000    35.0381 0.0000e+00
    15.2405   4.327075    197.177     67.690     0.0007      7.765      0.055    196.000    35.0263 0.0000e+00
    15.2140   4.324206    198.184     67.578    -0.0009      7.764      0.038    197.000    35.0236 0.0000e+00
    15.1986   4.323561    199.190     67.352    -0.0041      7.764      0.000    198.000    35.0311 0.0000e+00
    15.1825   4.320730    200.196     67.297    -0.0042      7.760      0.039    199.000    35.0195 0.0000e+00
    15.1621   4.318834    201.203     67.100     0.0095      7.761     -0.001    200.000    35.0200 0.0000e+00
    15.1248   4.313426    202.210     66.900     0.0118      7.762      0.000    201.000    35.0039 0.0000e+00
    15.0826   4.310465    203.216     66.680     0.0031      7.762      0.010    202.000    35.0143 0.0000e+00
    15.0517   4.307433    204.222     66.117     0.0039      7.761      0.009    203.000    35.0139 0.0000e+00
    15.0242   4.304445    205.229     65.707    -0.0136      7.758      0.000    204.000    35.0110 0.0000e+00
    14.9812   4.298889    206.235     65.282    -0.0071      7.759      0.000    205.000    34.9985 0.0000e+00
    14.9386   4.296259    207.242     64.996    -0.0022      7.756      0.019    206.000    35.0122 0.0000e+00
    14.9109   4.292461    208.248     64.680     0.0018      7.756      0.001    207.000    35.0021 0.0000e+00
    14.8728   4.288881    209.255     64.135     0.0009      7.753      0.000    208.000    35.0031 0.0000e+00
    14.8363   4.285600    210.261     63.537     0.0209      7.754      0.021    209.000    35.0056 0.0000e+00
    14.8139   4.283863    211.268     62.985     0.0128      7.752     -0.001    210.000    35.0093 0.0000e+00
    14.7975   4.281750    212.275     62.674     0.0076      7.751      0.027    211.000    35.0043 0.0000e+00
    14.7732   4.279360    213.281     62.364     0.0036      7.747      0.001    212.000    35.0039 0.0000e+00
    14.7528   4.277570    214.288     62.182    -0.0076      7.748      0.050    213.000    35.0055 0.0000e+00
    14.7402   4.276900    215.294     61.974    -0.0066      7.746      0.010    214.000    35.0103 0.0000e+00
    14.7367   4.276813    216.301     61.675     0.0039      7.746      0.001    215.000    35.0122 0.0000e+00
    14.7344   4.276317    217.307     61.574     0.0098      7.746      0.000    216.000    35.0093 0.0000e+00
    14.7258   4.274958    218.314     61.354     0.0059      7.745      0.000    217.000    35.0042 0.0000e+00
    14.7152   4.274332    219.321     61.470     0.0038      7.744      0.000    218.000    35.0076 0.0000e+00
    14.7065   4.273282    220.327     61.360     0.0156      7.744      0.000    219.000    35.0054 0.0000e+00
    14.6944   4.271996    221.334     61.122     0.0209      7.741      0.028    220.000    35.0040 0.0000e+00
    14.6827   4.270137    222.340     61.166    -0.0029      7.741      0.002    221.000    34.9971 0.0000e+00
    14.6546   4.266619    223.347     60.959     0.0083      7.741      0.012    222.000    34.9897 0.0000e+00
    14.6171   4.258615    224.354     60.743     0.0073      7.737     -0.000    223.000    34.9495 0.0000e+00
    14.5028   4.249920    225.360     60.197     0.0051      7.740      0.054    224.000    34.9721 0.0000e+00
    14.4730   4.250098    226.367     59.339     0.0134      7.737      0.014    225.000    35.0003 0.0000e+00
    14.4697   4.248606    227.374     58.533     0.0116      7.739     -0.000    226.000    34.9891 0.0000e+00
    14.4526   4.247200    228.380     58.160     0.0072      7.738      0.000    227.000    34.9911 0.0000e+00
    14.4467   4.247166    229.387     58.090     0.0109      7.737      0.061    228.000    34.9958 0.0000e+00
    14.4441   4.246839    230.393     58.012     0.0012      7.737      0.019    229.000    34.9947 0.0000e+00
    14.4429   4.245955    231.400     58.024     0.0056      7.735      0.039    230.000    34.9872 0.0000e+00
    14.4105   4.242049    232.407     57.960     0.0147      7.733      0.017    231.000    34.9800 0.0000e+00
    14.3617   4.234599    233.413     57.730     0.0093      7.734      0.000    232.000    34.9549 0.0000e+00
    14.3171   4.229867    234.420     57.599     0.0138      7.733      0.092    233.000    34.9510 0.0000e+00
    14.2643   4.228108    235.427     57.171     0.0056      7.732      0.023    234.000    34.9821 0.0000e+00
    14.2179   4.217882    236.433     56.557     0.0087      7.728      0.029    235.000    34.9289 0.0000e+00
    14.1543   4.216216    237.440     55.835     0.0101      7.729      0.011    236.000    34.9707 0.0000e+00
    14.1406   4.214679    238.447     55.443     0.0192      7.728      0.000    237.000    34.9684 0.0000e+00
    14.1190   4.212315    239.454     54.882    -0.0253      7.726      0.000    238.000    34.9656 0.0000e+00
    14.1003   4.210764    240.460     54.437    -0.0005      7.727      0.009    239.000    34.9678 0.0000e+00
    14.0764   4.206578    241.467     54.024     0.0075      7.725      0.009    240.000    34.9501 0.0000e+00
    14.0341   4.204311    242.474     53.448     0.0054      7.724      0.013    241.000    34.9669 0.0000e+00
    14.0257   4.203842    243.480     52.744     0.0128      7.723      0.041    242.000    34.9698 0.0000e+00
    14.0216   4.202851    244.487     52.307     0.0095      7.722     -0.002    243.000    34.9639 0.0000e+00
    14.0104   4.202049    245.493     52.232     0.0112      7.720      0.030    244.000    34.9662 0.0000e+00
    14.0032   4.201583    246.500     52.156    -0.0009      7.720     -0.001    245.000    34.9680 0.0000e+00
    13.9891   4.196623    247.507     52.040     0.0155      7.720      0.010    246.000    34.9342 0.0000e+00
    13.9250   4.193352    248.513     51.768    -0.0005      7.720      0.023    247.000    34.9615 0.0000e+00
    13.9294   4.194755    249.521     51.177     0.0123      7.719      0.028    248.000    34.9702 0.0000e+00
    13.9189   4.191328    250.527     50.946     0.0031      7.718      0.029    249.000    34.9473 0.0000e+00
    13.8952   4.190452    251.534     50.890     0.0151      7.717      0.000    250.000    34.9603 0.0000e+00
    13.8900   4.190113    252.541     50.585     0.0171      7.716      0.000    251.000    34.9614 0.0000e+00
    13.8861   4.189608    253.548     50.477     0.0228      7.716      0.037    252.000    34.9599 0.0000e+00
    13.8728   4.186681    254.555     50.228     0.0106      7.715      0.001    253.000    34.9442 0.0000e+00
    13.8253   4.179947    255.561     50.158     0.0076      7.715      0.000    254.000    34.9241 0.0000e+00
    13.7410   4.171257    256.568     49.915     0.0091      7.713      0.037    255.000    34.9191 0.0000e+00
    13.6892   4.169027    257.574     48.816     0.0226      7.711      0.079    256.000    34.9449 0.0000e+00
    13.6819   4.168724    258.582     47.630     0.0137      7.713     -0.001    257.000    34.9484 0.0000e+00
    13.6800   4.168442    259.588     47.287     0.0091      7.710      0.000    258.000    34.9470 0.0000e+00
    13.6738   4.167046    260.594     47.235    -0.0078      7.710      0.000    259.000    34.9392 0.0000e+00
    13.6544   4.164968    261.602     47.114     0.0116      7.709      0.051    260.000    34.9370 0.0000e+00
    13.6388   4.163985    262.609     47.082     0.0096      7.709      0.000    261.000    34.9416 0.0000e+00
    13.6339   4.163588    263.616     46.905     0.0119      7.706      0.062    262.000    34.9419 0.0000e+00
    13.6286   4.163182    264.622     46.537    -0.0050      7.707      0.000    263.000    34.9425 0.0000e+00
    13.6264   4.162817    265.629     46.423     0.0117      7.707      0.038    264.000    34.9406 0.0000e+00
    13.6179   4.161730    266.636     46.489     0.0208      7.706      0.002    265.000    34.9378 0.0000e+00
    13.6118   4.161786    267.643     46.395     0.0187      7.704      0.016    266.000    34.9435 0.0000e+00
    13.6137   4.161289    268.650     46.124     0.0138      7.706      0.029    267.000    34.9366 0.0000e+00
    13.5993   4.159864    269.656     46.286     0.0078      7.705     -0.002    268.000    34.9360 0.0000e+00
    13.5879   4.158360    270.663     46.181     0.0055      7.705      0.000    269.000    34.9319 0.0000e+00
    13.5719   4.157347    271.670     46.020     0.0106      7.704      0.000    270.000    34.9365 0.0000e+00
    13.5685   4.156415    272.677     45.691     0.0166      7.703      0.000    271.000    34.9305 0.0000e+00
    13.5279   4.149926    273.684     45.669     0.0161      7.703      0.000    272.000    34.9061 0.0000e+00
    13.4804   4.147267    274.690     45.527     0.0075      7.702      0.000    273.000    34.9241 0.0000e+00
    13.4675   4.146134    275.698     44.997     0.0025      7.701      0.022    274.000    34.9248 0.0000e+00
    13.4477   4.139243    276.705     44.534     0.0128      7.700      0.010    275.000    34.8775 0.0000e+00
    13.2864   4.121707    277.711     44.152     0.0081      7.701      0.015    276.000    34.8590 0.0000e+00
    13.1787   4.111509    278.718     42.688     0.0031      7.700      0.010    277.000    34.8606 0.0000e+00
    13.0625   4.099958    279.725     40.512     0.0110      7.698      0.000    278.000    34.8572 0.0000e+00
    12.9773   4.092098    280.732     38.844     0.0106      7.695      0.000    279.000    34.8602 0.0000e+00
    12.9149   4.087499    281.739     37.027     0.0056      7.694      0.000    280.000    34.8735 0.0000e+00
    12.8680   4.081410    282.746     36.068     0.0020      7.687      0.000    281.000    34.8580 0.0000e+00
    12.7971   4.074912    283.753     35.434     0.0090      7.685      0.018    282.000    34.8609 0.0000e+00
    12.7598   4.071703    284.759     34.618     0.0068      7.685      0.029    283.000    34.8641 0.0000e+00
    12.6949   4.062164    285.766     33.605     0.0092      7.683      0.000    284.000    34.8322 0.0000e+00
    12.6049   4.054051    286.773     33.035     0.0105      7.683      0.000    285.000    34.8371 0.0000e+00
    12.5470   4.049172    287.780     32.078     0.0047      7.680      0.009    286.000    34.8433 0.0000e+00
    12.5090   4.046553    288.787     30.845    -0.0001      7.677      0.009    287.000    34.8528 0.0000e+00
    12.4893   4.044135    289.794     30.083    -0.0066      7.675      0.051    288.000    34.8474 0.0000e+00
