6370_2014_07_14_cast52_bin.cnv
* Sea-Bird SBE19plus  Data File:
* FileName = C:\Users\Gilly\Desktop\PROPOSALS\BOLEO\CTD\7-14-14\6370_2014_07_14_cast52.hex
* Software version 1.1a
* Temperature SN = 6370
* Conductivity SN = 6370
* System UpLoad Time = Jul 14 2014 16:01:24
* <ApplicationData>
* <Seaterm232>
** Gilly GPS waypoint 318 Lindblad
** lat 27.38787
** long 112.1928
** 600 m depth
# nquan = 10
# nvalues = 435                         
# units = specified
# name 0 = tv290C: Temperature [ITS-90, deg C]
# name 1 = c0S/m: Conductivity [S/m]
# name 2 = prdM: Pressure, Strain Gauge [db]
# name 3 = sbeox0Mm/Kg: Oxygen, SBE 43 [umol/Kg]
# name 4 = flECO-AFL: Fluorescence, WET Labs ECO-AFL/FL [mg/m^3]
# name 5 = ph: pH
# name 6 = seaTurbMtr: Turbidity, Seapoint [FTU]
# name 7 = depSM: Depth [salt water, m], lat = 0.00
# name 8 = sal00: Salinity, Practical [PSU]
# name 9 = flag: flag
# span 0 =     8.3544,    28.9510       
# span 1 =   3.636766,   5.721820       
# span 2 =      1.006,    437.866       
# span 3 =      3.543,    185.370       
# span 4 =    -0.2689,     7.5666       
# span 5 =      7.603,      8.148       
# span 6 =     -0.028,      1.075       
# span 7 =      1.000,    435.000       
# span 8 =    34.5843,    35.2067       
# span 9 = 0.0000e+00, 0.0000e+00       
# interval = meters: 1                  
# start_time = Jul 14 2014 13:52:49 [Instrument's time stamp, header]
# bad_flag = -9.990e-29
*END*
    28.9144   5.714404      1.006    172.207     7.5666      8.113      0.167      1.000    34.9618 0.0000e+00
    28.9510   5.721820      2.011    185.370    -0.2689      8.144      0.072      2.000    34.9859 0.0000e+00
    28.9425   5.720424      3.017    184.726     0.3025      8.144      0.076      3.000    34.9822 0.0000e+00
    28.9313   5.719163      4.022    184.549     0.3592      8.145      0.087      4.000    34.9814 0.0000e+00
    28.8919   5.713046      5.028    184.720     0.3688      8.148      0.009      5.000    34.9678 0.0000e+00
    28.7728   5.698068      6.033    185.095     0.3713      8.147      0.010      6.000    34.9515 0.0000e+00
    28.5349   5.670347      7.039    184.918     0.3985      8.148      0.001      7.000    34.9341 0.0000e+00
    28.2976   5.645731      8.044    183.723     0.4966      8.147      0.079      8.000    34.9375 0.0000e+00
    28.1324   5.612897      9.050    183.144     0.6092      8.146      0.102      9.000    34.8300 0.0000e+00
    27.9334   5.601308     10.055    180.252     0.6902      8.140      0.187     10.000    34.8958 0.0000e+00
    27.8425   5.588829     11.061    177.351     0.7893      8.138      0.119     11.000    34.8752 0.0000e+00
    27.7335   5.576727     12.067    175.641     0.8521      8.132      0.023     12.000    34.8708 0.0000e+00
    27.6336   5.555616     13.072    174.266     0.9214      8.130      0.000     13.000    34.7959 0.0000e+00
    27.4727   5.550246     14.078    171.757     0.9472      8.124      1.075     14.000    34.8774 0.0000e+00
    27.4052   5.545798     15.084    167.394     1.0030      8.120      0.143     15.000    34.8959 0.0000e+00
    27.3664   5.542188     16.089    165.765     1.0142      8.115      0.033     16.000    34.8991 0.0000e+00
    27.3388   5.539712     17.095    165.324     0.9949      8.113      0.203     17.000    34.9018 0.0000e+00
    27.3235   5.539315     18.100    164.839     0.9869      8.112      0.265     18.000    34.9101 0.0000e+00
    27.3181   5.538295     19.106    164.395     0.9839      8.113      0.081     19.000    34.9066 0.0000e+00
    27.3038   5.536442     20.112    163.963     0.9949      8.113      0.141     20.000    34.9039 0.0000e+00
    27.2903   5.535749     21.117    163.564     1.0096      8.112     -0.010     21.000    34.9088 0.0000e+00
    27.2872   5.535367     22.122    163.227     0.9841      8.110      0.000     22.000    34.9081 0.0000e+00
    27.2806   5.534210     23.128    163.281     0.9565      8.107      0.014     23.000    34.9045 0.0000e+00
    27.2702   5.533976     24.134    163.128     0.9054      8.106      0.137     24.000    34.9103 0.0000e+00
    27.2660   5.532965     25.139    162.603     0.9211      8.106      0.271     25.000    34.9060 0.0000e+00
    27.2554   5.531746     26.145    162.369     0.9085      8.108      0.084     26.000    34.9049 0.0000e+00
    27.2471   5.531294     27.151    162.001     0.8977      8.104     -0.003     27.000    34.9077 0.0000e+00
    27.2415   5.529703     28.156    161.801     0.8826      8.103      0.090     28.000    34.9002 0.0000e+00
    27.2192   5.525036     29.162    161.761     0.9060      8.101      0.057     29.000    34.8834 0.0000e+00
    27.1742   5.520352     30.168    161.341     0.9282      8.099      0.012     30.000    34.8835 0.0000e+00
    27.1143   5.507346     31.174    160.766     0.9190      8.102      0.267     31.000    34.8355 0.0000e+00
    26.9642   5.480669     32.179    159.655     0.9488      8.098      0.231     32.000    34.7572 0.0000e+00
    26.6800   5.456506     33.185    157.686     0.9628      8.094      0.052     33.000    34.7973 0.0000e+00
    26.4730   5.446481     34.190    154.648     0.9734      8.092     -0.005     34.000    34.8810 0.0000e+00
    26.3822   5.442632     35.196    152.160     0.9636      8.087      0.041     35.000    34.9216 0.0000e+00
    26.3435   5.440545     36.202    151.307     0.9234      8.086      0.086     36.000    34.9356 0.0000e+00
    26.3073   5.431825     37.208    151.634     0.8851      8.081     -0.001     37.000    34.8997 0.0000e+00
    26.1960   5.423452     38.214    151.878     0.8857      8.081      0.000     38.000    34.9233 0.0000e+00
    26.1266   5.419326     39.219    150.827     0.8787      8.075      0.039     39.000    34.9458 0.0000e+00
    26.0962   5.417938     40.225    150.493     0.8976      8.077      0.038     40.000    34.9586 0.0000e+00
    26.0721   5.414010     41.231    150.759     0.8678      8.075      0.092     41.000    34.9481 0.0000e+00
    26.0224   5.411192     42.236    151.533     0.8567      8.074     -0.007     42.000    34.9653 0.0000e+00
    26.0006   5.411222     43.242    152.360     0.9152      8.074      0.040     43.000    34.9818 0.0000e+00
    25.9966   5.411008     44.248    153.171     0.9034      8.072      0.038     44.000    34.9829 0.0000e+00
    25.9865   5.409981     45.254    153.475     0.8927      8.073      0.018     45.000    34.9829 0.0000e+00
    25.9720   5.408717     46.260    153.700     0.9041      8.074      0.109     46.000    34.9844 0.0000e+00
    25.9428   5.405121     47.265    154.051     0.9013      8.073      0.015     47.000    34.9802 0.0000e+00
    25.9036   5.398959     48.271    154.385     0.8999      8.072     -0.000     48.000    34.9650 0.0000e+00
    25.8270   5.392395     49.276    154.653     0.8965      8.072      0.112     49.000    34.9754 0.0000e+00
    25.7200   5.377613     50.283    154.520     0.8882      8.070      0.075     50.000    34.9489 0.0000e+00
    25.5783   5.371454     51.288    153.692     0.8614      8.070      0.175     51.000    35.0122 0.0000e+00
    25.5226   5.368744     52.294    152.785     0.8637      8.068     -0.002     52.000    35.0348 0.0000e+00
    25.4803   5.361491     53.300    152.616     0.7766      8.069      0.107     53.000    35.0138 0.0000e+00
    25.3546   5.346842     54.306    152.632     0.7348      8.066      0.065     54.000    35.0026 0.0000e+00
    25.2265   5.337618     55.311    152.069     0.7045      8.063     -0.002     55.000    35.0331 0.0000e+00
    25.1228   5.327488     56.317    150.933     0.6066      8.058      0.236     56.000    35.0381 0.0000e+00
    25.0081   5.316719     57.323    149.847     0.5803      8.058      0.012     57.000    35.0468 0.0000e+00
    24.9071   5.306627     58.328    148.959     0.5065      8.057      0.000     58.000    35.0500 0.0000e+00
    24.8064   5.298828     59.334    147.721     0.4141      8.055      0.039     59.000    35.0699 0.0000e+00
    24.7431   5.299357     60.340    146.388     0.3645      8.051      0.026     60.000    35.1229 0.0000e+00
    24.7292   5.298105     61.346    146.044     0.3490      8.051      0.116     61.000    35.1241 0.0000e+00
    24.7111   5.294614     62.352    146.292     0.3083      8.048      0.008     62.000    35.1118 0.0000e+00
    24.6205   5.265162     63.358    146.486     0.2896      8.046      0.000     63.000    34.9622 0.0000e+00
    24.3421   5.216903     64.364    145.476     0.2619      8.043      0.000     64.000    34.8170 0.0000e+00
    24.0168   5.201471     65.369    141.990     0.2191      8.042      0.133     65.000    34.9546 0.0000e+00
    23.9298   5.210173     66.375    136.165     0.2459      8.036      0.213     66.000    35.0886 0.0000e+00
    23.9177   5.206181     67.381    134.194     0.2258      8.030     -0.002     67.000    35.0675 0.0000e+00
    23.8772   5.205890     68.387    136.002     0.2220      8.026      0.080     68.000    35.0969 0.0000e+00
    23.8634   5.206990     69.393    138.228     0.2004      8.027      0.041     69.000    35.1159 0.0000e+00
    23.8312   5.199540     70.399    139.578     0.1769      8.028     -0.003     70.000    35.0844 0.0000e+00
    23.7619   5.191701     71.404    140.175     0.1548      8.028      0.000     71.000    35.0793 0.0000e+00
    23.5897   5.165782     72.410    140.033     0.1671      8.027      0.000     72.000    35.0177 0.0000e+00
    23.2646   5.129258     73.417    139.513     0.1330      8.025      0.172     73.000    34.9957 0.0000e+00
    22.9763   5.119758     74.422    137.833     0.0903      8.019     -0.015     74.000    35.1521 0.0000e+00
    22.8841   5.114049     75.428    135.542     0.0911      8.020      0.065     75.000    35.1816 0.0000e+00
    22.8390   5.111522     76.434    134.292     0.0724      8.013      0.003     76.000    35.1980 0.0000e+00
    22.8132   5.107617     77.440    133.933     0.0643      8.013      0.293     77.000    35.1881 0.0000e+00
    22.7715   5.103439     78.446    133.966     0.0848      8.010     -0.028     78.000    35.1889 0.0000e+00
    22.7376   5.101469     79.452    133.821     0.0674      8.006      0.000     79.000    35.2005 0.0000e+00
    22.7179   5.100223     80.457    133.603     0.0613      8.010      0.020     80.000    35.2064 0.0000e+00
    22.7041   5.097916     81.463    133.573     0.0714      8.003      0.026     81.000    35.1992 0.0000e+00
    22.6860   5.096407     82.469    133.581     0.0715      8.003     -0.001     82.000    35.2018 0.0000e+00
    22.6769   5.096143     83.475    133.282     0.0709      8.005      0.083     83.000    35.2067 0.0000e+00
    22.6730   5.095415     84.482    132.989     0.0789      8.005      0.134     84.000    35.2038 0.0000e+00
    22.6649   5.094650     85.487    133.051     0.0687      8.001     -0.012     85.000    35.2041 0.0000e+00
    22.6552   5.093653     86.493    132.972     0.0627      8.001      0.000     86.000    35.2038 0.0000e+00
    22.6294   5.087955     87.499    132.883     0.0638      8.000      0.000     87.000    35.1800 0.0000e+00
    22.5709   5.083933     88.505    132.531     0.0777      8.002      0.000     88.000    35.1955 0.0000e+00
    22.5274   5.078597     89.511    132.034     0.0640      8.001      0.014     89.000    35.1887 0.0000e+00
    22.4854   5.074767     90.517    132.004     0.0696      7.999      0.038     90.000    35.1924 0.0000e+00
    22.4539   5.071122     91.523    131.727     0.0498      7.999      0.073     91.000    35.1890 0.0000e+00
    22.4017   5.062475     92.529    131.443     0.0521      7.999      0.057     92.000    35.1634 0.0000e+00
    22.3185   5.053695     93.535    131.076     0.0454      7.995     -0.007     93.000    35.1617 0.0000e+00
    22.2534   5.049244     94.541    130.584     0.0357      7.997      0.000     94.000    35.1792 0.0000e+00
    22.2155   5.046451     95.547    129.961     0.0438      7.994      0.060     95.000    35.1877 0.0000e+00
    22.1846   5.041916     96.553    129.648     0.0352      7.992      0.008     96.000    35.1767 0.0000e+00
    22.1234   5.029049     97.559    129.264     0.0386      7.992      0.241     97.000    35.1250 0.0000e+00
    21.9995   5.013655     98.565    128.863     0.0426      7.988     -0.023     98.000    35.1041 0.0000e+00
    21.8566   5.001209     99.571    127.570     0.0352      7.987      0.000     99.000    35.1217 0.0000e+00
    21.7682   4.995846    100.577    126.154     0.0517      7.982      0.000    100.000    35.1509 0.0000e+00
    21.6911   4.978101    101.583    125.161     0.0371      7.981      0.000    101.000    35.0729 0.0000e+00
    21.5116   4.958988    102.589    124.472     0.0562      7.977      0.000    102.000    35.0672 0.0000e+00
    21.3859   4.952430    103.595    123.120     0.0519      7.975      0.044    103.000    35.1174 0.0000e+00
    21.3187   4.944831    104.601    121.339     0.0367      7.972     -0.003    104.000    35.1116 0.0000e+00
    21.2538   4.938091    105.607    120.254     0.0430      7.968      0.000    105.000    35.1105 0.0000e+00
    21.1936   4.931160    106.613    119.451     0.0454      7.965      0.000    106.000    35.1042 0.0000e+00
    21.1242   4.923658    107.619    118.796     0.0493      7.964      0.013    107.000    35.1007 0.0000e+00
    21.0665   4.918501    108.625    118.130     0.0505      7.960     -0.000    108.000    35.1064 0.0000e+00
    21.0324   4.916739    109.631    117.549     0.0505      7.959      0.063    109.000    35.1200 0.0000e+00
    21.0154   4.914925    110.638    117.287     0.0391      7.955      0.100    110.000    35.1191 0.0000e+00
    20.9949   4.911739    111.643    117.178     0.0379      7.953      0.113    111.000    35.1100 0.0000e+00
    20.9411   4.900486    112.649    117.111     0.0436      7.950      0.022    112.000    35.0634 0.0000e+00
    20.7748   4.878184    113.655    116.815     0.0418      7.951      0.001    113.000    35.0205 0.0000e+00
    20.5726   4.844039    114.661    116.120     0.0236      7.947      0.035    114.000    34.9106 0.0000e+00
    20.2028   4.824607    115.668    114.779     0.0214      7.946      0.095    115.000    35.0584 0.0000e+00
    20.0771   4.820506    116.674    112.852    -0.0040      7.940      0.047    116.000    35.1291 0.0000e+00
    20.0003   4.797963    117.680    111.657     0.0189      7.936      0.082    117.000    35.0081 0.0000e+00
    19.6730   4.755112    118.686    110.973     0.0448      7.932      0.100    118.000    34.9283 0.0000e+00
    19.3152   4.735339    119.692    109.541     0.0365      7.928      0.015    119.000    35.0644 0.0000e+00
    19.1624   4.728192    120.699    107.260     0.0090      7.923      0.000    120.000    35.1333 0.0000e+00
    19.0771   4.714957    121.705    105.830    -0.0009      7.916      0.000    121.000    35.0946 0.0000e+00
    18.9799   4.709155    122.711    105.028    -0.0049      7.911      0.124    122.000    35.1280 0.0000e+00
    18.9246   4.703578    123.717    104.007     0.0002      7.908      0.016    123.000    35.1278 0.0000e+00
    18.8826   4.700386    124.723    103.222     0.0173      7.905      0.057    124.000    35.1364 0.0000e+00
    18.8565   4.698889    125.729    102.780     0.0100      7.903      0.005    125.000    35.1456 0.0000e+00
    18.8314   4.690913    126.735    102.484     0.0136      7.896      0.000    126.000    35.0996 0.0000e+00
    18.7522   4.682909    127.741    102.068     0.0498      7.898      0.039    127.000    35.0992 0.0000e+00
    18.6766   4.669259    128.747    101.382     0.0387      7.892     -0.001    128.000    35.0482 0.0000e+00
    18.5493   4.659453    129.753    100.022     0.0040      7.886      0.066    129.000    35.0735 0.0000e+00
    18.4508   4.643521    130.760     98.354     0.0122      7.886     -0.004    130.000    35.0223 0.0000e+00
    18.2615   4.622652    131.766     96.900    -0.0015      7.881      0.000    131.000    35.0065 0.0000e+00
    18.1108   4.611634    132.772     95.316     0.0109      7.874      0.028    132.000    35.0412 0.0000e+00
    17.9998   4.606008    133.778     93.625     0.0077      7.872      0.083    133.000    35.0879 0.0000e+00
    17.9686   4.604865    134.784     92.345     0.0072      7.869      0.135    134.000    35.1047 0.0000e+00
    17.9442   4.599607    135.790     92.256     0.0045      7.868      0.133    135.000    35.0803 0.0000e+00
    17.8819   4.591842    136.797     92.016     0.0064      7.863      0.050    136.000    35.0671 0.0000e+00
    17.8268   4.588085    137.803     91.569     0.0045      7.860      0.005    137.000    35.0818 0.0000e+00
    17.7952   4.584901    138.809     90.889     0.0394      7.858      0.000    138.000    35.0814 0.0000e+00
    17.7604   4.581164    139.815     90.450     0.0225      7.856      0.000    139.000    35.0789 0.0000e+00
    17.7311   4.578823    140.821     89.939     0.0060      7.854      0.000    140.000    35.0837 0.0000e+00
    17.7100   4.577520    141.828     89.585     0.0154      7.853      0.000    141.000    35.0903 0.0000e+00
    17.6968   4.575572    142.834     89.521     0.0024      7.852      0.000    142.000    35.0846 0.0000e+00
    17.6763   4.573958    143.840     89.537     0.0126      7.847      0.000    143.000    35.0881 0.0000e+00
    17.6630   4.573231    144.846     89.319    -0.0014      7.848      0.000    144.000    35.0928 0.0000e+00
