6370_2014_07_14_cast52_bin.cnv
* Sea-Bird SBE19plus  Data File:
* FileName = C:\Users\Gilly\Desktop\PROPOSALS\BOLEO\CTD\7-14-14\6370_2014_07_14_cast52.hex
* Software version 1.1a
* Temperature SN = 6370
* Conductivity SN = 6370
* System UpLoad Time = Jul 14 2014 16:01:24
* <ApplicationData>
* <Seaterm232>
** Gilly GPS waypoint 318 Lindblad
** lat 27.38787
** long 112.1928
** 600 m depth
# nquan = 10
# nvalues = 435                         
# units = specified
# name 0 = tv290C: Temperature [ITS-90, deg C]
# name 1 = c0S/m: Conductivity [S/m]
# name 2 = prdM: Pressure, Strain Gauge [db]
# name 3 = sbeox0Mm/Kg: Oxygen, SBE 43 [umol/Kg]
# name 4 = flECO-AFL: Fluorescence, WET Labs ECO-AFL/FL [mg/m^3]
# name 5 = ph: pH
# name 6 = seaTurbMtr: Turbidity, Seapoint [FTU]
# name 7 = depSM: Depth [salt water, m], lat = 0.00
# name 8 = sal00: Salinity, Practical [PSU]
# name 9 = flag: flag
# span 0 =     8.3544,    28.9510       
# span 1 =   3.636766,   5.721820       
# span 2 =      1.006,    437.866       
# span 3 =      3.543,    185.370       
# span 4 =    -0.2689,     7.5666       
# span 5 =      7.603,      8.148       
# span 6 =     -0.028,      1.075       
# span 7 =      1.000,    435.000       
# span 8 =    34.5843,    35.2067       
# span 9 = 0.0000e+00, 0.0000e+00       
# interval = meters: 1                  
# start_time = Jul 14 2014 13:52:49 [Instrument's time stamp, header]
# bad_flag = -9.990e-29
*END*
[from data line 289]
    12.4069   4.035141    291.808     29.327     0.0073      7.668      0.061    290.000    34.8362 0.0000e+00
    12.3539   4.027450    292.815     28.783     0.0108      7.668      0.013    291.000    34.8106 0.0000e+00
    12.2605   4.016712    293.822     28.383     0.0129      7.666      0.009    292.000    34.7930 0.0000e+00
    12.1749   4.010942    294.829     27.319     0.0087      7.664      0.000    293.000    34.8161 0.0000e+00
    12.1450   4.009060    295.836     26.193     0.0034      7.665      0.029    294.000    34.8252 0.0000e+00
    12.1073   4.002874    296.843     25.163     0.0055      7.661     -0.001    295.000    34.7998 0.0000e+00
    12.0030   3.985882    297.850     24.635     0.0019      7.657      0.020    296.000    34.7313 0.0000e+00
    11.8533   3.976728    298.857     24.148     0.0144      7.656     -0.001    297.000    34.7809 0.0000e+00
    11.8049   3.972755    299.863     22.407     0.0030      7.656      0.000    298.000    34.7869 0.0000e+00
    11.7331   3.964759    300.871     20.992    -0.0011      7.653      0.000    299.000    34.7752 0.0000e+00
    11.6919   3.962242    301.878     19.898     0.0040      7.652      0.000    300.000    34.7887 0.0000e+00
    11.6729   3.961451    302.884     19.177     0.0067      7.650      0.027    301.000    34.7983 0.0000e+00
    11.6692   3.961216    303.892     19.035     0.0142      7.650      0.087    302.000    34.7990 0.0000e+00
    11.6699   3.961467    304.899     18.950     0.0164      7.646      0.001    303.000    34.8003 0.0000e+00
    11.6703   3.961240    305.906     18.969     0.0338      7.648      0.000    304.000    34.7974 0.0000e+00
    11.6750   3.962192    306.913     19.032     0.0351      7.647      0.049    305.000    34.8018 0.0000e+00
    11.6795   3.962275    307.920     18.921     0.0152      7.647      0.003    306.000    34.7980 0.0000e+00
    11.6789   3.962107    308.927     18.816     0.0077      7.647      0.000    307.000    34.7965 0.0000e+00
    11.6798   3.962427    309.934     18.986     0.0052      7.642      0.010    308.000    34.7984 0.0000e+00
    11.6787   3.961880    310.941     18.790     0.0136      7.645     -0.000    309.000    34.7936 0.0000e+00
    11.6758   3.962199    311.948     18.831     0.0092      7.642      0.000    310.000    34.7989 0.0000e+00
    11.6817   3.962813    312.954     18.917     0.0062      7.644      0.000    311.000    34.7990 0.0000e+00
    11.6840   3.962892    313.962     19.271     0.0098      7.640      0.000    312.000    34.7972 0.0000e+00
    11.6842   3.963042    314.969     19.171     0.0440      7.645      0.000    313.000    34.7981 0.0000e+00
    11.6862   3.963105    315.976     19.346     0.0063      7.642      0.000    314.000    34.7964 0.0000e+00
    11.6851   3.962979    316.983     19.361     0.0119      7.643      0.000    315.000    34.7957 0.0000e+00
    11.6855   3.963614    317.990     19.160     0.0112      7.644      0.000    316.000    34.8012 0.0000e+00
    11.6932   3.964032    318.997     19.191     0.0194      7.644      0.000    317.000    34.7976 0.0000e+00
    11.6935   3.963958    320.004     19.304     0.0104      7.643      0.000    318.000    34.7962 0.0000e+00
    11.6907   3.963741    321.012     19.417     0.0121      7.642      0.000    319.000    34.7963 0.0000e+00
    11.6830   3.962458    322.018     19.409     0.0007      7.642      0.000    320.000    34.7904 0.0000e+00
    11.6678   3.962178    323.025     19.601     0.0144      7.642      0.000    321.000    34.8015 0.0000e+00
    11.6569   3.958377    324.033     20.672     0.0145      7.645      0.010    322.000    34.7740 0.0000e+00
    11.5968   3.953365    325.040     21.754     0.0206      7.646      0.000    323.000    34.7805 0.0000e+00
    11.5652   3.950070    326.047     21.718     0.0141      7.646      0.000    324.000    34.7773 0.0000e+00
    11.5287   3.946512    327.054     21.483     0.0095      7.645      0.000    325.000    34.7760 0.0000e+00
    11.4939   3.942915    328.061     21.020     0.0023      7.648      0.000    326.000    34.7729 0.0000e+00
    11.4526   3.937457    329.068     20.344    -0.0008      7.648      0.038    327.000    34.7574 0.0000e+00
    11.3455   3.919513    330.075     20.221     0.0094      7.646     -0.001    328.000    34.6803 0.0000e+00
    11.1594   3.902837    331.083     19.593     0.0052      7.645      0.000    329.000    34.6896 0.0000e+00
    11.0308   3.892487    332.090     17.937     0.0039      7.645      0.045    330.000    34.7074 0.0000e+00
    10.9347   3.883910    333.097     15.905     0.0114      7.641      0.065    331.000    34.7122 0.0000e+00
    10.8686   3.879400    334.104     14.855     0.0198      7.641      0.049    332.000    34.7292 0.0000e+00
    10.8408   3.876505    335.111     14.040     0.0420      7.638      0.010    333.000    34.7261 0.0000e+00
    10.7830   3.868811    336.118     13.311     0.0446      7.635      0.029    334.000    34.7034 0.0000e+00
    10.7191   3.862846    337.126     13.123     0.0092      7.635      0.008    335.000    34.7036 0.0000e+00
    10.6666   3.859226    338.133     12.955     0.0192      7.634     -0.000    336.000    34.7167 0.0000e+00
    10.6173   3.851235    339.139     12.639     0.0005      7.632      0.000    337.000    34.6827 0.0000e+00
    10.5419   3.846748    340.147     12.126     0.0097      7.631      0.000    338.000    34.7088 0.0000e+00
    10.5134   3.843926    341.154     11.866     0.0096      7.631      0.000    339.000    34.7069 0.0000e+00
    10.4825   3.838539    342.161     11.224     0.0101      7.627      0.000    340.000    34.6815 0.0000e+00
    10.3955   3.828922    343.169     11.048     0.0092      7.629      0.000    341.000    34.6668 0.0000e+00
    10.3085   3.818290    344.176     10.537     0.0102      7.628      0.000    342.000    34.6416 0.0000e+00
    10.1007   3.793168    345.183      9.363     0.0076      7.624      0.000    343.000    34.5843 0.0000e+00
     9.9240   3.780373    346.190      8.433     0.0033      7.625      0.000    344.000    34.6221 0.0000e+00
     9.8106   3.769976    347.197      6.925     0.0087      7.622      0.000    345.000    34.6239 0.0000e+00
     9.7183   3.762944    348.204      5.893     0.0031      7.624      0.026    346.000    34.6400 0.0000e+00
     9.6530   3.757533    349.212      5.751     0.0122      7.620      0.047    347.000    34.6467 0.0000e+00
     9.6152   3.755258    350.219      6.104     0.0111      7.621     -0.001    348.000    34.6592 0.0000e+00
     9.5943   3.753203    351.226      6.444     0.0019      7.620      0.000    349.000    34.6577 0.0000e+00
     9.5760   3.752097    352.233      6.466     0.0267      7.618      0.000    350.000    34.6635 0.0000e+00
     9.5696   3.751508    353.241      6.739     0.0217      7.617      0.000    351.000    34.6631 0.0000e+00
     9.5527   3.748809    354.248      7.103     0.0359      7.618      0.020    352.000    34.6511 0.0000e+00
     9.5161   3.745196    355.255      7.446     0.0087      7.618      0.000    353.000    34.6486 0.0000e+00
     9.4761   3.741079    356.262      7.395     0.0056      7.617      0.000    354.000    34.6443 0.0000e+00
     9.4502   3.739503    357.270      7.441     0.0442      7.619      0.000    355.000    34.6526 0.0000e+00
     9.4199   3.735393    358.277      7.245     0.0212      7.616      0.000    356.000    34.6388 0.0000e+00
     9.3808   3.732053    359.284      7.077     0.0020      7.617      0.000    357.000    34.6416 0.0000e+00
     9.3544   3.730162    360.291      6.908     0.0322      7.618      0.000    358.000    34.6470 0.0000e+00
     9.3343   3.728045    361.298      6.587     0.0191      7.613      0.000    359.000    34.6441 0.0000e+00
     9.3100   3.725546    362.306      6.443     0.0228      7.614      0.051    360.000    34.6412 0.0000e+00
     9.2961   3.725264    363.313      6.390     0.0264      7.614      0.046    361.000    34.6513 0.0000e+00
     9.2945   3.725070    364.321      7.554     0.0109      7.615      0.165    362.000    34.6503 0.0000e+00
     9.2866   3.723277    365.328      6.214    -0.0053      7.613      0.017    363.000    34.6389 0.0000e+00
     9.2604   3.721245    366.335      5.562     0.0026      7.610      0.164    364.000    34.6428 0.0000e+00
     9.2543   3.721109    367.342      6.305     0.0375      7.610     -0.004    365.000    34.6468 0.0000e+00
     9.2498   3.720719    368.349      5.979     0.0211      7.612      0.028    366.000    34.6466 0.0000e+00
     9.2477   3.720170    369.357      5.798     0.0117      7.610      0.009    367.000    34.6424 0.0000e+00
     9.2291   3.717519    370.364      5.640     0.0317      7.612      0.000    368.000    34.6324 0.0000e+00
     9.2040   3.715852    371.372      5.778     0.0427      7.612      0.037    369.000    34.6390 0.0000e+00
     9.1975   3.715759    372.379      5.571     0.0346      7.611      0.018    370.000    34.6439 0.0000e+00
     9.2003   3.715996    373.386      5.458     0.0073      7.612     -0.000    371.000    34.6431 0.0000e+00
     9.1951   3.714658    374.394      5.450     0.0253      7.609      0.000    372.000    34.6338 0.0000e+00
     9.1724   3.712748    375.401      5.551     0.0260      7.611      0.036    373.000    34.6355 0.0000e+00
     9.1573   3.711301    376.408      5.652     0.0264      7.612      0.001    374.000    34.6346 0.0000e+00
     9.1473   3.710734    377.416      6.171     0.0113      7.610      0.023    375.000    34.6379 0.0000e+00
     9.1431   3.710466    378.423      5.042     0.0005      7.608      0.097    376.000    34.6387 0.0000e+00
     9.1388   3.709915    379.431      4.495     0.0246      7.610     -0.002    377.000    34.6368 0.0000e+00
     9.1334   3.709519    380.438      5.181     0.0215      7.609      0.036    378.000    34.6374 0.0000e+00
     9.1258   3.708711    381.445      5.214     0.0023      7.608      0.002    379.000    34.6358 0.0000e+00
     9.1203   3.708455    382.453      5.220     0.0051      7.608      0.101    380.000    34.6381 0.0000e+00
     9.1184   3.708206    383.460      5.379     0.0235      7.607      0.059    381.000    34.6368 0.0000e+00
     9.1107   3.707053    384.467      5.310     0.0383      7.606      0.024    382.000    34.6319 0.0000e+00
     9.0969   3.706068    385.475      5.470     0.0077      7.606      0.057    383.000    34.6345 0.0000e+00
     9.0841   3.704479    386.482      5.222    -0.0064      7.606      0.102    384.000    34.6299 0.0000e+00
     9.0651   3.702638    387.490      5.390     0.0157      7.607      0.027    385.000    34.6287 0.0000e+00
     9.0425   3.700309    388.497      5.355     0.0374      7.609      0.092    386.000    34.6258 0.0000e+00
     9.0201   3.698423    389.504      5.453     0.0382      7.606      0.054    387.000    34.6275 0.0000e+00
     9.0030   3.696399    390.512      5.463     0.0435      7.611      0.001    388.000    34.6225 0.0000e+00
     8.9557   3.691062    391.520      5.444    -0.0063      7.607      0.053    389.000    34.6122 0.0000e+00
     8.9239   3.689369    392.527      5.536     0.0038      7.607      0.116    390.000    34.6248 0.0000e+00
     8.9083   3.687743    393.534      5.134     0.0118      7.610     -0.005    391.000    34.6226 0.0000e+00
     8.8885   3.685631    394.541      5.384    -0.0003      7.607      0.029    392.000    34.6192 0.0000e+00
     8.8580   3.682332    395.549      5.158     0.0081      7.605      0.019    393.000    34.6139 0.0000e+00
     8.8291   3.679550    396.556      5.200     0.0077      7.608      0.046    394.000    34.6123 0.0000e+00
     8.7893   3.675208    397.564      5.048     0.0010      7.607      0.061    395.000    34.6051 0.0000e+00
     8.7544   3.672943    398.571      4.660     0.0349      7.605      0.141    396.000    34.6149 0.0000e+00
     8.7365   3.671913    399.579      4.645     0.0412      7.606     -0.002    397.000    34.6210 0.0000e+00
     8.7316   3.671222    400.586      4.543     0.0125      7.608      0.025    398.000    34.6180 0.0000e+00
     8.7215   3.670434    401.594      4.642     0.0185      7.606     -0.001    399.000    34.6192 0.0000e+00
     8.7159   3.669981    402.601      4.627    -0.0033      7.606      0.037    400.000    34.6194 0.0000e+00
     8.7141   3.669925    403.609      4.493     0.0048      7.605      0.060    401.000    34.6201 0.0000e+00
     8.7113   3.669756    404.616      4.556     0.0106      7.607      0.000    402.000    34.6205 0.0000e+00
     8.7105   3.669640    405.623      4.659     0.0472      7.607      0.000    403.000    34.6196 0.0000e+00
     8.7062   3.668862    406.631      4.572     0.0249      7.605      0.000    404.000    34.6152 0.0000e+00
     8.6992   3.668111    407.639      4.469     0.0035      7.607      0.007    405.000    34.6137 0.0000e+00
     8.6815   3.666021    408.646      4.237     0.0370      7.607      0.019    406.000    34.6085 0.0000e+00
     8.6555   3.663646    409.654      4.226     0.0135      7.605      0.007    407.000    34.6084 0.0000e+00
     8.6449   3.662511    410.662      3.875     0.0450      7.604      0.197    408.000    34.6063 0.0000e+00
     8.6159   3.659581    411.669      3.971     0.0303      7.606      0.166    409.000    34.6032 0.0000e+00
     8.6036   3.659198    412.676      3.794     0.0052      7.605      0.010    410.000    34.6107 0.0000e+00
     8.6001   3.658799    413.684      3.808     0.0353      7.603      0.054    411.000    34.6095 0.0000e+00
     8.5936   3.658220    414.692      3.634     0.0252      7.606      0.031    412.000    34.6093 0.0000e+00
     8.5854   3.657302    415.699      3.543     0.0079      7.604      0.007    413.000    34.6071 0.0000e+00
     8.5675   3.655866    416.707      3.802     0.0314      7.605      0.053    414.000    34.6090 0.0000e+00
     8.5528   3.654346    417.714      4.081     0.0055      7.604      0.094    415.000    34.6068 0.0000e+00
     8.5442   3.653958    418.722      4.006     0.0169      7.605      0.141    416.000    34.6107 0.0000e+00
     8.5380   3.653314    419.729      3.902     0.0124      7.606      0.040    417.000    34.6095 0.0000e+00
     8.5331   3.653106    420.737      4.089     0.0115      7.604      0.030    418.000    34.6116 0.0000e+00
     8.5245   3.651575    421.744      3.703     0.0038      7.605      0.063    419.000    34.6034 0.0000e+00
     8.5091   3.650512    422.752      3.941     0.0102      7.606      0.102    420.000    34.6068 0.0000e+00
     8.5027   3.649836    423.760      4.197     0.0306      7.605      0.058    421.000    34.6054 0.0000e+00
     8.4911   3.648801    424.767      3.794     0.0336      7.606      0.015    422.000    34.6053 0.0000e+00
     8.4867   3.648730    425.775      3.720     0.0344      7.606      0.015    423.000    34.6084 0.0000e+00
     8.4845   3.648369    426.782      3.606     0.0350      7.604      0.009    424.000    34.6062 0.0000e+00
     8.4807   3.648488    427.790      3.777     0.0094      7.604      0.041    425.000    34.6108 0.0000e+00
     8.4771   3.647755    428.797      3.735     0.0301      7.605      0.032    426.000    34.6061 0.0000e+00
     8.4688   3.647090    429.805      3.796     0.0410      7.606      0.128    427.000    34.6067 0.0000e+00
     8.4542   3.645403    430.813      3.971     0.0330      7.606      0.063    428.000    34.6026 0.0000e+00
     8.4394   3.644252    431.820      3.829     0.0321      7.605      0.051    429.000    34.6045 0.0000e+00
     8.4268   3.643078    432.828      3.809     0.0163      7.606      0.024    430.000    34.6039 0.0000e+00
     8.4123   3.641941    433.835      3.857     0.0132      7.606      0.160    431.000    34.6056 0.0000e+00
     8.4095   3.641815    434.843      3.798     0.0200      7.605      0.129    432.000    34.6066 0.0000e+00
